-0.147289 51.5255099
-0.1473202 51.525558
-0.147362 51.5256487
-0.1474053 51.5257491
-0.1474349 51.5258598
-0.1474755 51.5259479
-0.1475217 51.5260545
-0.1475609 51.5261754
-0.1476167 51.526269
-0.1476577 51.5263576
-0.1477013 51.526458
-0.1477553 51.5265516
-0.1478094 51.5266329
-0.1478519 51.5267291
-0.1478872 51.5268397
-0.1479293 51.5269517
-0.1479671 51.5270459
-0.1480009 51.5271567
-0.1480323 51.5272584
-0.1480732 51.5273682
-0.1481087 51.5274666
-0.1481454 51.5275635
-0.1481844 51.5276551
-0.1482368 51.5277485
