-2.61751612473
-1.78305365753
-1.66570257568
-1.62146595383
-1.34785258484
-1.33539347076
-1.31763538456
-1.31185728836
-1.28083831787
-1.27638564491
-1.22608622646
-1.21325451279
-1.16747170258
-1.16170230103
-1.1581539917
-1.12983471107
-1.11751360703
-1.10827242279
-1.04003166962
-0.990000549316
-0.961718187332
-0.934926939011
-0.917750799179
-0.908361877441
-0.900762485504
-0.891647186279
-0.887556335449
-0.875825786591
-0.853810884476
-0.840311553955
-0.805946731567
-0.799882364273
-0.79693711853
-0.79405657196
-0.783631198883
-0.750734985352
-0.742117315292
-0.726813056946
-0.710403081894
-0.707530963898
-0.707222660065
-0.70397990799
-0.700186663628
-0.694990207672
-0.688028274536
-0.683367462158
-0.670833366394
-0.669048791885
-0.66878131485
-0.663350337982
-0.639247341156
-0.610083469391
-0.609436752319
-0.607475589752
-0.586107842445
-0.578499549866
-0.571284301758
-0.563009902954
-0.541493522644
-0.539658256531
-0.53778028965
-0.524954601288
-0.520094970703
-0.520071144104
-0.519579620361
-0.518076004028
-0.501743299484
-0.492724147797
-0.491669757843
-0.48439100647
-0.483455749512
-0.467320220947
-0.464822410583
-0.449155426025
-0.447283905029
-0.446556427002
-0.434832355499
-0.431331962585
-0.429939169407
-0.425068244934
-0.420995109558
-0.41967931366
-0.418923614502
-0.418455905914
-0.415560264587
-0.410912223816
-0.410120040894
-0.40017257309
-0.397054841995
-0.394794799805
-0.39386151123
-0.392036819458
-0.391648750305
-0.383814788818
-0.379547698975
-0.375027030945
-0.367598007202
-0.367451202393
-0.363080600739
-0.360217895508
-0.3601222229
-0.357148132324
-0.353813278198
-0.352842355728
-0.348294874191
-0.345318397522
-0.345167856216
-0.339830406189
-0.339484085083
-0.339184547424
-0.334317604065
-0.333164955139
-0.331275421143
-0.33013760376
-0.326657730103
-0.323525905609
-0.322932540894
-0.319392276764
-0.317530712128
-0.315953613281
-0.315084251404
-0.314247745514
-0.311765213013
-0.304040463656
-0.301357978821
-0.298775733948
-0.293147850037
-0.290358261108
-0.289498214722
-0.286409763336
-0.283069541931
-0.278548084259
-0.277485042572
-0.273779262543
-0.270355888367
-0.266996681213
-0.266585037231
-0.266384708405
-0.263102783203
-0.262838470459
-0.259759643555
-0.254939160347
-0.254689590454
-0.251693515778
-0.251688468933
-0.249203338623
-0.246562774658
-0.244647216797
-0.243094242096
-0.241052604675
-0.239247207642
-0.238566501617
-0.238121704102
-0.234375658035
-0.226420909882
-0.224146499634
-0.220813041687
-0.22061164856
-0.218385372162
-0.212853627205
-0.21264175415
-0.209369750977
-0.206371318817
-0.20570870018
-0.20376858902
-0.203466041565
-0.202995700836
-0.202390359879
-0.202048873901
-0.201552600861
-0.198914445877
-0.198750555038
-0.197606071472
-0.196001930237
-0.192432815552
-0.190427604675
-0.186133071899
-0.184526893616
-0.182138763428
-0.181904188156
-0.180492702484
-0.175315441132
-0.167654891968
-0.166948242187
-0.166575582504
-0.164009811401
-0.162839355469
-0.159835727692
-0.157778263092
-0.157375099182
-0.157296363831
-0.156067588806
-0.153945030212
-0.153232429504
-0.149601585388
-0.148154239655
-0.142535170555
-0.140541503906
-0.139784294128
-0.13823966217
-0.132595275879
-0.130666088104
-0.129100135803
-0.126589038849
-0.125250389099
-0.124976257324
-0.124791727066
-0.121088287354
-0.117007003784
-0.113914009094
-0.113431034088
-0.112302463531
-0.110288852692
-0.10990945816
-0.10849143219
-0.106772323608
-0.105412376404
-0.104545623779
-0.103366184235
-0.1024009552
-0.099385345459
-0.0989706230164
-0.095946521759
-0.0951677856445
-0.0896829872131
-0.0886249923706
-0.0881095733643
-0.0877751998901
-0.0846322631836
-0.0832677268982
-0.0830149841309
-0.078332233429
-0.075361541748
-0.0723510131836
-0.0701790161133
-0.0696624755859
-0.0671817398071
-0.0648946609497
-0.0645452785492
-0.0641976928711
-0.0635574874878
-0.0633036003113
-0.0626566772461
-0.0618841552734
-0.0563609619141
-0.0546881103516
-0.0525960845947
-0.0462205123901
-0.0408424987793
-0.0408396835327
-0.0390522422791
-0.03815102005
-0.0327524414062
-0.0310966644287
-0.0286565437317
-0.0283165626526
-0.0267830429077
-0.0248914489746
-0.0248634338379
-0.0239677734375
-0.0218541755676
-0.0212925338745
-0.0192111053467
-0.0179924468994
-0.0170074539185
-0.0167984390259
-0.0166311035156
-0.0161568374634
-0.0143211364746
-0.0128350067139
-0.0115584411621
-0.0114371109009
-0.00780210113525
-0.00220248413086
-0.00207718849182
-0.00122648620605
-0.000616996765137
0.0
0.0
0.00192121166736
0.00561112976074
0.00582373809814
0.00614987182617
0.0110041809082
0.0112541542053
0.0130419616699
0.0132748718262
0.0134325714111
0.0179593963623
0.0187625198364
0.0206887779236
0.02317943573
0.0233625640869
0.0250933113098
0.0259481277466
0.0350509529114
0.0373964996338
0.0409183731079
0.0420346870422
0.0434642486572
0.0450271911621
0.0452878990173
0.0481249465942
0.0493584136963
0.0532165374756
0.053415802002
0.0540614547729
0.0541387367249
0.0563844795227
0.0594199676514
0.0640636138916
0.0706251411438
0.0709192886353
0.0724562988281
0.0866970291138
0.0871823158264
0.0940135803223
0.0951018447876
0.0970497894287
0.0992164306641
0.108040237427
0.110581970215
0.113203811646
0.116266960144
0.117663814545
0.121288787842
0.128350227356
0.128830919266
0.134061733246
0.143285923004
0.145822906494
0.150522777557
0.152469017029
0.155110656738
0.158509208679
0.161637931824
0.163465438843
0.164704971313
0.173908355713
0.175133434296
0.178152786255
0.180122634888
0.184151012421
0.196382949829
0.197052886963
0.202178512573
0.206576717377
0.206734863281
0.206891967773
0.207663070679
0.214231235504
0.217432479858
0.218346611023
0.219022785187
0.219489910126
0.222836414337
0.224043165207
0.226123947144
0.226800178528
0.229353515625
0.23565687561
0.237837913513
0.241309501648
0.249092571259
0.250849822998
0.271402919769
0.272783180237
0.273247283936
0.276338356018
0.28006470108
0.282520591736
0.283032669067
0.285653881073
0.28691619873
0.290605133057
0.291796188354
0.299221710205
0.301046092987
0.304015663147
0.306881378174
0.307764587402
0.3084425354
0.312904678345
0.319020584106
0.320541572571
0.321703788757
0.323564575195
0.332452148437
0.333715702057
0.354975746155
0.355259319305
0.365710006714
0.366138793945
0.372279350281
0.377858207703
0.382381690979
0.389737678528
0.390605712891
0.396454307556
0.399367240906
0.401372016907
0.407739818573
0.408891735077
0.412852294922
0.423031654358
0.428514312744
0.431578742981
0.443351898193
0.446044120789
0.450137592316
0.452301773071
0.470047714233
0.471228813171
0.488903755188
0.489516723633
0.49345508194
0.493506305695
0.495559341431
0.501867267609
0.503513179779
0.505995082855
0.508648821831
0.531069737434
0.538720848083
0.540846153259
0.542098571777
0.544750968933
0.568565757751
0.574651396751
0.579140785217
0.589302108765
0.614720478058
0.61892729187
0.623142379761
0.626237457275
0.629490200043
0.632530752182
0.646691253662
0.649210453033
0.653555717468
0.654955810547
0.658623939514
0.672172714233
0.675609535217
0.684960926056
0.696933534622
0.745714490891
0.747487518311
0.778404418945
0.785818078995
0.785988607407
0.803390951157
0.826040828705
0.82611756134
0.853235132217
0.862558868408
0.870457866669
0.888144584656
0.914663978577
0.928915964127
0.952496520996
0.965532073975
0.969220115662
0.977882446289
0.984005335808
1.09714091206
1.10528608131
1.1174398613
1.1493318758
1.15404908752
1.16196291733
1.17483226776
1.18046598816
1.22596354866
1.31587261963
1.38524468994
1.39781843948
1.42463201523
1.45496952438
1.49609090424
1.53333429337
1.66348086548
1.81889518833
2.01804292488
2.4908733902
