-1.93087122631
-1.68483403015
-1.31866275215
-1.27294791985
-1.18289808655
-1.15688374329
-1.14708533478
-1.13900271034
-1.12013116837
-1.11041905689
-1.1096798172
-1.03710419083
-1.01532304001
-0.965570114136
-0.953959625244
-0.926262817383
-0.915270378113
-0.909697863579
-0.875090774775
-0.837505657196
-0.806421014786
-0.805019004822
-0.758381286621
-0.717952800751
-0.702851480484
-0.699981388092
-0.651506847382
-0.649658866882
-0.649548282623
-0.648403335571
-0.639844985962
-0.638742645264
-0.634333236694
-0.600456356049
-0.591162257195
-0.569678398132
-0.568962432861
-0.561587739944
-0.561235525131
-0.552365335464
-0.545407487869
-0.532078926086
-0.522209535599
-0.513814567566
-0.510777946472
-0.50278250885
-0.50031211853
-0.494058737755
-0.493881557465
-0.491044295311
-0.481475761414
-0.480530090332
-0.474813777924
-0.473330566406
-0.470082881927
-0.469274929047
-0.468875083923
-0.454682192802
-0.450637182981
-0.445670845985
-0.44095930481
-0.440289035797
-0.428299655914
-0.42351316452
-0.412623836517
-0.403281126022
-0.402998720169
-0.399062747955
-0.398327227302
-0.397141399384
-0.391043449402
-0.390710271835
-0.386872901917
-0.384634025574
-0.372987710953
-0.36871572876
-0.366494979858
-0.364978214264
-0.363385872066
-0.358399995804
-0.352530818939
-0.344163791656
-0.343274345398
-0.339158866882
-0.33540158844
-0.328830276489
-0.322182003021
-0.321152704239
-0.314222923279
-0.310073959351
-0.308332328796
-0.307423072815
-0.306654407501
-0.305075820923
-0.287106880188
-0.286974803925
-0.284103618622
-0.276414550781
-0.272848342896
-0.26901235199
-0.267599996567
-0.266480117798
-0.265411182404
-0.261660861969
-0.257885444641
-0.256221324921
-0.255312309265
-0.25518327713
-0.254515594482
-0.253456134796
-0.253050224304
-0.251315071106
-0.250721740723
-0.247124404907
-0.24624539566
-0.243884033203
-0.230409410477
-0.2298385849
-0.228601730347
-0.228201004028
-0.227865955353
-0.227404426575
-0.216570911407
-0.214858188629
-0.209958755493
-0.209296211243
-0.206431600571
-0.203668212891
-0.198122497559
-0.19553453064
-0.192407501221
-0.191205299377
-0.188698768616
-0.181572692871
-0.180184844971
-0.179785125732
-0.174295967102
-0.163652893066
-0.163521537781
-0.161559482574
-0.161469909668
-0.161113197327
-0.160422225952
-0.15869757843
-0.15776374054
-0.152085834503
-0.150180839539
-0.149795219421
-0.144305866241
-0.139766487122
-0.137686500549
-0.137012615204
-0.136867938995
-0.130578689575
-0.130254112244
-0.129684951782
-0.129584632874
-0.129365970612
-0.129033599854
-0.128892494202
-0.127253940582
-0.126555553436
-0.123831298828
-0.123412330627
-0.122681116104
-0.119697504044
-0.117584369659
-0.115570220947
-0.105261554718
-0.102255237579
-0.100926715851
-0.0993432540894
-0.0991703338623
-0.0989071311951
-0.0985685577393
-0.0983597717285
-0.0968489456177
-0.0965753746033
-0.0936830291748
-0.0927645263672
-0.0919708900452
-0.0913610687256
-0.0912410774231
-0.089509311676
-0.088747833252
-0.0887474212646
-0.0881030044556
-0.0853652114868
-0.0842527084351
-0.0837640228271
-0.0824839439392
-0.0818657913208
-0.0791764068604
-0.0781839294434
-0.0778099365234
-0.0733697433472
-0.0729786071777
-0.0701541137695
-0.0657645721436
-0.0648346252441
-0.0644916687012
-0.0639136390686
-0.0620530471802
-0.0564293518066
-0.0541723937988
-0.0534112701416
-0.0519426269531
-0.0512551574707
-0.051032409668
-0.0504485778809
-0.0492691497803
-0.0417398757935
-0.0411602783203
-0.0408828392029
-0.0406873168945
-0.0393061981201
-0.0383884620667
-0.0360862770081
-0.0325797729492
-0.0314392318726
-0.0298165512085
-0.0286338043213
-0.0285639038086
-0.0279942626953
-0.0279916992188
-0.0276447143555
-0.026831703186
-0.0244591369629
-0.0242923164368
-0.0210304069519
-0.0194440612793
-0.0190412635803
-0.0188885192871
-0.016107673645
-0.0142378234863
-0.0118848266602
-0.0113517150879
-0.00638487625122
-0.00635989379883
-0.00620112991333
-0.00413724517822
-0.00361660766602
-0.00355596542358
-0.00180807495117
-0.000778930664063
-0.000375045776367
-0.000175025939941
0.0
0.000399021148682
0.00237668609619
0.00294639587402
0.00409867858887
0.00641839599609
0.00778680038452
0.00811688232422
0.00846984100342
0.0090114440918
0.00952116394043
0.0110378265381
0.0116000518799
0.0149786338806
0.015238494873
0.0162680740356
0.0167194519043
0.0192539520264
0.0198014831543
0.0203801879883
0.0215791740417
0.023101776123
0.0244195861816
0.0244654998779
0.0275842094421
0.0277528381348
0.0288581771851
0.0298829040527
0.0301372375488
0.0302288360596
0.0308012695313
0.0313172836304
0.031675163269
0.0329322738647
0.0372584838867
0.0387606868744
0.0395218048096
0.0405127716064
0.0428694992065
0.0451096801758
0.0458718566895
0.0469284439087
0.0495022888184
0.0506770019531
0.0514560241699
0.051833770752
0.0542820739746
0.0559975204468
0.057777923584
0.0609913330078
0.0627894287109
0.0637387390137
0.0681920471191
0.070425567627
0.0746102256775
0.0773316650391
0.0787983856201
0.0804491271973
0.082712677002
0.0841889190674
0.0846404571533
0.0866137390137
0.087730430603
0.0880633850098
0.0880715560913
0.0888364562988
0.092645565033
0.0933644599915
0.0943616638184
0.0954399490356
0.100046482086
0.1018514328
0.107582038879
0.10813609314
0.108416633606
0.113968803406
0.115440078735
0.117172691345
0.122688858032
0.126134033203
0.127327056885
0.130697719574
0.131148101807
0.131859546661
0.132097618103
0.132400463104
0.135222885132
0.140622596741
0.142923339844
0.144079788208
0.146934585571
0.149552009583
0.155300296783
0.16684733963
0.168541992188
0.172462623596
0.176865737915
0.178365921021
0.180675384521
0.184912296295
0.18854442215
0.190923706055
0.209098297119
0.213803283691
0.214053085327
0.215057785034
0.219558963776
0.219791004181
0.22166642189
0.222836929321
0.226262088776
0.227915359497
0.228186824799
0.229156162262
0.230131576538
0.240532711029
0.24074395752
0.240854084015
0.241192623138
0.24332258606
0.245759628296
0.251030353546
0.261283653259
0.261844390869
0.262283065796
0.263885696411
0.271919734955
0.274118717194
0.274152145386
0.277242874146
0.283041938782
0.286696895599
0.293039497375
0.293824745178
0.295267158508
0.298981996536
0.299558647156
0.300963111877
0.310939453125
0.311203777313
0.315466873169
0.320843833923
0.320896345139
0.336863090515
0.339671035767
0.339753410339
0.340699699402
0.350225875854
0.377684520721
0.387232601166
0.388451980591
0.402776298523
0.405851140022
0.411625282288
0.412723091125
0.413443267822
0.413898719788
0.417798591614
0.418280822754
0.434690242767
0.437448600769
0.441614593506
0.444639907837
0.446143575668
0.45544921875
0.463427936554
0.465515647888
0.466092830658
0.470665420532
0.488073120117
0.509513866425
0.51387101841
0.523226099968
0.525146118164
0.539645896912
0.551799224854
0.561561704636
0.562283123016
0.573789035797
0.589801923752
0.591388721466
0.619934509277
0.626144210815
0.644662593842
0.655062767029
0.667450710297
0.67380673027
0.675003112793
0.700988004684
0.708358200073
0.728321662903
0.775255565643
0.777489103317
0.779785881042
0.787901618958
0.793848770142
0.797109832764
0.803438896179
0.859636127472
0.869412895203
0.909502890587
0.917851401329
0.934526844978
0.935725496292
0.940196588516
0.941917922974
0.964670179367
0.971077148438
0.993019203186
1.03027045441
1.11637312317
1.19374057961
1.23245775604
1.41819164944
1.59308929825
1.66897014999
