26.3157894737 23.6842105263 28.1578947368 21.8421052632
26.3852242744 23.746701847 28.2321899736 21.635883905
26.525198939 23.8726790451 28.1167108753 21.4854111406
26.455026455 23.8095238095 28.0423280423 21.6931216931
26.455026455 23.8095238095 28.0423280423 21.6931216931
26.3157894737 23.6842105263 28.4210526316 21.5789473684
26.2467191601 24.1469816273 28.3464566929 21.2598425197
26.3157894737 24.2105263158 28.1578947368 21.3157894737
26.2467191601 24.4094488189 28.0839895013 21.2598425197
26.2467191601 24.4094488189 28.0839895013 21.2598425197
26.4397905759 24.3455497382 28.0104712042 21.2041884817
26.4397905759 24.6073298429 27.7486910995 21.2041884817
26.4397905759 24.8691099476 27.7486910995 20.942408377
26.3157894737 25.0 27.6315789474 21.0526315789
26.1780104712 24.8691099476 27.7486910995 21.2041884817
26.3020833333 24.7395833333 27.8645833333 21.09375
26.5625 24.7395833333 27.6041666667 21.09375
26.7015706806 24.6073298429 27.4869109948 21.2041884817
26.7015706806 24.6073298429 27.4869109948 21.2041884817
26.9633507853 24.6073298429 27.2251308901 21.2041884817
26.9633507853 24.6073298429 27.2251308901 21.2041884817
27.1540469974 24.5430809399 27.1540469974 21.1488250653
27.1540469974 24.5430809399 27.1540469974 21.1488250653
27.1540469974 24.5430809399 27.1540469974 21.1488250653
27.1540469974 24.5430809399 27.1540469974 21.1488250653
27.2727272727 24.6753246753 26.7532467532 21.2987012987
27.4611398964 24.6113989637 26.6839378238 21.2435233161
27.4611398964 24.6113989637 26.6839378238 21.2435233161
27.2020725389 24.8704663212 26.9430051813 20.9844559585
27.2020725389 24.8704663212 26.9430051813 20.9844559585
27.2020725389 24.8704663212 26.9430051813 20.9844559585
27.2727272727 24.9350649351 26.7532467532 21.038961039
27.0618556701 25.2577319588 26.8041237113 20.8762886598
26.8542199488 25.3196930946 26.5984654731 21.2276214834
26.7175572519 25.4452926209 26.4631043257 21.3740458015
26.7857142857 25.5102040816 26.5306122449 21.1734693878
26.7175572519 25.4452926209 26.4631043257 21.3740458015
26.7175572519 25.4452926209 26.4631043257 21.3740458015
26.6497461929 25.3807106599 26.3959390863 21.5736040609
26.6497461929 25.1269035533 26.6497461929 21.5736040609
26.3959390863 25.1269035533 26.6497461929 21.8274111675
26.3291139241 25.3164556962 26.582278481 21.7721518987
26.3819095477 25.3768844221 26.3819095477 21.8592964824
26.4483627204 25.1889168766 26.4483627204 21.9143576826
26.3819095477 25.3768844221 26.3819095477 21.8592964824
26.3819095477 25.3768844221 26.3819095477 21.8592964824
26.3819095477 25.3768844221 26.3819095477 21.8592964824
26.3819095477 25.3768844221 26.3819095477 21.8592964824
26.3819095477 25.3768844221 26.3819095477 21.8592964824
26.25 25.25 26.5 22.0
26.4851485149 25.0 26.4851485149 22.0297029703
26.4197530864 24.9382716049 26.4197530864 22.2222222222
26.2376237624 25.0 26.4851485149 22.2772277228
26.6009852217 24.8768472906 26.6009852217 21.921182266
26.6666666667 24.6913580247 26.6666666667 21.975308642
26.6009852217 24.6305418719 26.6009852217 22.1674876847
26.7326732673 24.504950495 26.4851485149 22.2772277228
26.7326732673 24.504950495 26.4851485149 22.2772277228
26.5356265356 24.57002457 26.5356265356 22.3587223587
26.5356265356 24.57002457 26.5356265356 22.3587223587
26.4705882353 24.5098039216 26.4705882353 22.5490196078
26.2773722628 24.5742092457 26.7639902676 22.3844282238
26.213592233 24.5145631068 26.6990291262 22.572815534
26.0869565217 24.3961352657 26.5700483092 22.9468599034
26.2773722628 24.3309002433 26.7639902676 22.6277372263
26.2773722628 24.3309002433 26.7639902676 22.6277372263
26.213592233 24.5145631068 26.6990291262 22.572815534
26.2773722628 24.5742092457 26.5206812652 22.6277372263
26.213592233 24.7572815534 26.4563106796 22.572815534
26.1501210654 24.6973365617 26.6343825666 22.5181598063
26.1501210654 24.6973365617 26.6343825666 22.5181598063
26.265060241 24.578313253 26.5060240964 22.6506024096
26.139088729 24.4604316547 26.3788968825 23.0215827338
26.139088729 24.4604316547 26.3788968825 23.0215827338
26.139088729 24.4604316547 26.3788968825 23.0215827338
26.3157894737 24.4019138756 26.3157894737 22.966507177
26.4285714286 24.2857142857 26.1904761905 23.0952380952
26.5402843602 24.4075829384 26.0663507109 22.9857819905
26.6509433962 24.2924528302 26.179245283 22.8773584906
26.6509433962 24.2924528302 26.179245283 22.8773584906
26.6509433962 24.2924528302 26.179245283 22.8773584906
26.6509433962 24.2924528302 26.179245283 22.8773584906
26.5882352941 24.4705882353 26.1176470588 22.8235294118
26.5882352941 24.4705882353 26.1176470588 22.8235294118
26.5882352941 24.4705882353 26.1176470588 22.8235294118
26.6978922717 24.355971897 25.9953161593 22.9508196721
26.8065268065 24.2424242424 25.8741258741 23.0769230769
26.8691588785 24.2990654206 25.7009345794 23.1308411215
27.1028037383 24.5327102804 25.7009345794 22.6635514019
26.8065268065 24.7086247086 25.8741258741 22.6107226107
26.8065268065 24.7086247086 25.8741258741 22.6107226107
26.7441860465 24.6511627907 25.8139534884 22.7906976744
26.7441860465 24.6511627907 25.8139534884 22.7906976744
26.7441860465 24.6511627907 25.8139534884 22.7906976744
26.7441860465 24.6511627907 25.8139534884 22.7906976744
26.6978922717 24.355971897 25.9953161593 22.9508196721
26.6978922717 24.355971897 25.9953161593 22.9508196721
26.6978922717 24.355971897 25.9953161593 22.9508196721
26.6978922717 24.1217798595 25.9953161593 23.1850117096
26.7605633803 23.9436619718 26.0563380282 23.2394366197
26.7605633803 23.9436619718 26.0563380282 23.2394366197
26.6978922717 24.1217798595 25.9953161593 23.1850117096
26.6355140187 24.0654205607 26.1682242991 23.1308411215
26.6355140187 24.2990654206 26.1682242991 22.8971962617
26.6355140187 24.2990654206 25.9345794393 23.1308411215
26.5734265734 24.7086247086 25.8741258741 22.8438228438
26.6355140187 24.5327102804 25.9345794393 22.8971962617
26.8065268065 24.4755244755 25.8741258741 22.8438228438
26.6978922717 24.5901639344 25.9953161593 22.7166276347
26.4637002342 24.8243559719 25.9953161593 22.7166276347
26.2295081967 25.0585480094 25.9953161593 22.7166276347
26.2295081967 25.0585480094 25.9953161593 22.7166276347
25.9953161593 25.0585480094 25.9953161593 22.9508196721
26.2295081967 25.0585480094 25.7611241218 22.9508196721
26.2295081967 25.0585480094 25.7611241218 22.9508196721
26.1072261072 24.9417249417 25.8741258741 23.0769230769
26.0465116279 24.8837209302 25.8139534884 23.2558139535
26.1072261072 24.7086247086 26.1072261072 23.0769230769
26.0465116279 24.8837209302 26.0465116279 23.023255814
26.2180974478 24.8259860789 25.9860788863 22.969837587
26.3888888889 24.7685185185 25.9259259259 22.9166666667
26.6821345708 24.3619489559 25.9860788863 22.969837587
26.6821345708 24.3619489559 25.9860788863 22.969837587
26.6821345708 24.3619489559 25.9860788863 22.969837587
26.7441860465 24.4186046512 25.8139534884 23.023255814
26.511627907 24.4186046512 25.8139534884 23.2558139535
26.3888888889 24.3055555556 25.9259259259 23.3796296296
26.3888888889 24.3055555556 25.9259259259 23.3796296296
26.3888888889 24.537037037 25.9259259259 23.1481481481
26.267281106 24.6543778802 26.0368663594 23.0414746544
26.267281106 24.6543778802 26.0368663594 23.0414746544
26.267281106 24.6543778802 26.0368663594 23.0414746544
26.267281106 24.6543778802 26.0368663594 23.0414746544
26.267281106 24.6543778802 26.0368663594 23.0414746544
26.267281106 24.4239631336 26.0368663594 23.2718894009
26.4367816092 24.367816092 25.9770114943 23.2183908046
26.4367816092 24.367816092 25.9770114943 23.2183908046
26.4367816092 24.367816092 25.9770114943 23.2183908046
26.4976958525 24.1935483871 26.0368663594 23.2718894009
26.2068965517 24.367816092 25.9770114943 23.4482758621
26.267281106 24.4239631336 26.0368663594 23.2718894009
26.267281106 24.4239631336 26.0368663594 23.2718894009
26.267281106 24.6543778802 26.0368663594 23.0414746544
26.376146789 24.7706422018 25.6880733945 23.1651376147
26.7123287671 24.6575342466 25.5707762557 23.0593607306
26.7123287671 24.6575342466 25.5707762557 23.0593607306
26.8792710706 24.6013667426 25.5125284738 23.006833713
26.8181818182 24.5454545455 25.4545454545 23.1818181818
26.8181818182 24.5454545455 25.4545454545 23.1818181818
26.8792710706 24.6013667426 25.284738041 23.2346241458
26.8792710706 24.6013667426 25.284738041 23.2346241458
26.8792710706 24.6013667426 25.284738041 23.2346241458
26.7123287671 24.6575342466 25.3424657534 23.2876712329
26.3157894737 24.7139588101 25.4004576659 23.5697940503
26.3157894737 24.7139588101 25.4004576659 23.5697940503
26.3157894737 24.7139588101 25.4004576659 23.5697940503
26.3157894737 24.7139588101 25.4004576659 23.5697940503
26.267281106 24.6543778802 25.3456221198 23.732718894
26.4367816092 24.5977011494 25.2873563218 23.6781609195
26.4367816092 24.5977011494 25.0574712644 23.908045977
26.2557077626 24.6575342466 25.1141552511 23.9726027397
26.3157894737 24.7139588101 25.171624714 23.7986270023
26.3157894737 24.7139588101 25.171624714 23.7986270023
26.3157894737 24.7139588101 25.171624714 23.7986270023
26.376146789 25.0 25.0 23.623853211
26.2557077626 24.8858447489 24.8858447489 23.9726027397
26.0869565217 24.942791762 24.7139588101 24.2562929062
26.2557077626 24.8858447489 24.6575342466 24.200913242
26.423690205 24.8291571754 24.6013667426 24.145785877
26.423690205 24.8291571754 24.6013667426 24.145785877
26.423690205 24.8291571754 24.6013667426 24.145785877
26.3038548753 24.716553288 24.9433106576 24.0362811791
26.3038548753 24.716553288 24.9433106576 24.0362811791
26.4108352144 24.3792325056 25.0564334086 24.1534988713
26.4108352144 24.3792325056 25.0564334086 24.1534988713
26.2443438914 24.6606334842 25.1131221719 23.9819004525
26.1851015801 24.60496614 25.2821670429 23.927765237
26.1851015801 24.60496614 25.2821670429 23.927765237
25.9009009009 24.5495495495 25.4504504505 24.0990990991
25.9009009009 24.5495495495 25.4504504505 24.0990990991
25.9009009009 24.3243243243 25.2252252252 24.5495495495
25.9593679458 24.3792325056 25.2821670429 24.3792325056
25.9593679458 24.3792325056 25.2821670429 24.3792325056
25.9593679458 24.3792325056 25.2821670429 24.3792325056
26.0180995475 24.4343891403 25.3393665158 24.2081447964
26.0180995475 24.4343891403 25.3393665158 24.2081447964
25.9009009009 24.5495495495 25.0 24.5495495495
25.9009009009 24.5495495495 25.0 24.5495495495
25.9009009009 24.5495495495 25.0 24.5495495495
25.9009009009 24.5495495495 25.0 24.5495495495
25.8426966292 24.7191011236 24.9438202247 24.4943820225
25.8426966292 24.7191011236 24.9438202247 24.4943820225
26.0674157303 24.7191011236 24.9438202247 24.2696629213
26.0674157303 24.7191011236 24.9438202247 24.2696629213
26.0674157303 24.7191011236 24.9438202247 24.2696629213
26.0674157303 24.7191011236 24.9438202247 24.2696629213
26.3513513514 24.5495495495 25.0 24.0990990991
26.4705882353 24.4343891403 25.1131221719 23.9819004525
26.5909090909 24.5454545455 24.7727272727 24.0909090909
26.5306122449 24.716553288 24.716553288 24.0362811791
26.5306122449 24.716553288 24.716553288 24.0362811791
26.3636363636 24.7727272727 24.7727272727 24.0909090909
26.2557077626 24.4292237443 25.1141552511 24.200913242
26.1467889908 24.3119266055 25.2293577982 24.3119266055
26.0869565217 24.2562929062 25.4004576659 24.2562929062
26.1467889908 24.3119266055 25.2293577982 24.3119266055
25.8064516129 24.1935483871 25.5760368664 24.4239631336
26.0368663594 24.1935483871 25.5760368664 24.1935483871
26.0368663594 24.1935483871 25.5760368664 24.1935483871
26.0969976905 24.2494226328 25.6351039261 24.0184757506
26.0969976905 24.2494226328 25.6351039261 24.0184757506
26.0368663594 24.1935483871 25.8064516129 23.9631336406
26.1574074074 24.0740740741 25.6944444444 24.0740740741
26.0969976905 24.0184757506 25.6351039261 24.2494226328
26.1574074074 24.0740740741 25.6944444444 24.0740740741
26.0969976905 24.0184757506 25.8660508083 24.0184757506
26.0368663594 23.9631336406 26.0368663594 23.9631336406
26.0969976905 24.0184757506 26.0969976905 23.7875288684
26.2180974478 23.8979118329 26.2180974478 23.6658932715
26.0465116279 23.9534883721 26.2790697674 23.7209302326
25.9345794393 24.0654205607 26.1682242991 23.8317757009
25.9345794393 24.0654205607 26.1682242991 23.8317757009
25.9953161593 23.887587822 26.2295081967 23.887587822
25.9953161593 23.887587822 26.2295081967 23.887587822
25.9953161593 24.1217798595 25.9953161593 23.887587822
25.9953161593 24.1217798595 25.9953161593 23.887587822
26.179245283 24.0566037736 25.9433962264 23.820754717
26.179245283 24.0566037736 25.9433962264 23.820754717
26.179245283 24.0566037736 25.9433962264 23.820754717
26.4150943396 24.0566037736 25.7075471698 23.820754717
26.3529411765 24.2352941176 25.6470588235 23.7647058824
26.3529411765 24.2352941176 25.6470588235 23.7647058824
26.3529411765 24.2352941176 25.6470588235 23.7647058824
26.3529411765 24.2352941176 25.6470588235 23.7647058824
26.4150943396 24.2924528302 25.4716981132 23.820754717
26.3529411765 24.4705882353 25.4117647059 23.7647058824
26.3529411765 24.4705882353 25.4117647059 23.7647058824
26.4150943396 24.5283018868 25.4716981132 23.5849056604
26.4150943396 24.2924528302 25.7075471698 23.5849056604
26.4775413712 24.3498817967 25.768321513 23.4042553191
26.4775413712 24.3498817967 25.768321513 23.4042553191
26.3657957245 24.4655581948 25.6532066508 23.5154394299
26.3033175355 24.644549763 25.5924170616 23.4597156398
26.3657957245 24.4655581948 25.6532066508 23.5154394299
26.1904761905 24.5238095238 25.7142857143 23.5714285714
26.1904761905 24.5238095238 25.7142857143 23.5714285714
26.1904761905 24.2857142857 25.9523809524 23.5714285714
26.1904761905 24.2857142857 25.9523809524 23.5714285714
26.1904761905 24.2857142857 25.9523809524 23.5714285714
26.0765550239 24.4019138756 25.8373205742 23.6842105263
26.139088729 24.4604316547 25.8992805755 23.5011990408
26.0240963855 24.578313253 26.0240963855 23.3734939759
26.2019230769 24.5192307692 25.9615384615 23.3173076923
26.2019230769 24.5192307692 25.9615384615 23.3173076923
26.265060241 24.578313253 25.7831325301 23.3734939759
26.0765550239 24.6411483254 26.0765550239 23.2057416268
26.0765550239 24.6411483254 26.0765550239 23.2057416268
26.0765550239 24.6411483254 26.0765550239 23.2057416268
26.0765550239 24.6411483254 26.0765550239 23.2057416268
26.0765550239 24.6411483254 26.0765550239 23.2057416268
26.0765550239 24.6411483254 26.0765550239 23.2057416268
26.0143198091 24.8210023866 26.0143198091 23.1503579952
26.0143198091 24.8210023866 26.0143198091 23.1503579952
26.0765550239 24.8803827751 25.8373205742 23.2057416268
26.0765550239 24.8803827751 25.8373205742 23.2057416268
26.0765550239 24.8803827751 25.8373205742 23.2057416268
26.265060241 24.578313253 25.7831325301 23.3734939759
26.265060241 24.578313253 25.7831325301 23.3734939759
26.265060241 24.578313253 25.7831325301 23.3734939759
26.265060241 24.578313253 25.7831325301 23.3734939759
26.0869565217 24.6376811594 25.845410628 23.4299516908
25.9079903148 24.6973365617 25.9079903148 23.4866828087
25.9708737864 24.5145631068 25.9708737864 23.5436893204
25.9708737864 24.5145631068 25.9708737864 23.5436893204
25.9708737864 24.5145631068 25.9708737864 23.5436893204
25.9708737864 24.5145631068 25.9708737864 23.5436893204
26.0340632603 24.3309002433 26.0340632603 23.600973236
26.0340632603 24.3309002433 26.0340632603 23.600973236
26.0975609756 24.3902439024 25.8536585366 23.6585365854
26.0975609756 24.3902439024 25.8536585366 23.6585365854
26.0340632603 24.3309002433 26.0340632603 23.600973236
26.0340632603 24.3309002433 26.0340632603 23.600973236
26.0975609756 24.3902439024 25.8536585366 23.6585365854
26.1613691932 24.4498777506 25.6723716381 23.7163814181
26.1613691932 24.4498777506 25.6723716381 23.7163814181
26.1613691932 24.4498777506 25.6723716381 23.7163814181
26.1613691932 24.4498777506 25.4278728606 23.9608801956
26.1613691932 24.4498777506 25.4278728606 23.9608801956
26.2773722628 24.5742092457 25.304136253 23.8442822384
26.3414634146 24.3902439024 25.3658536585 23.9024390244
26.3414634146 24.6341463415 25.1219512195 23.9024390244
26.1613691932 24.6943765281 25.1833740831 23.9608801956
26.3414634146 24.6341463415 25.1219512195 23.9024390244
26.4058679707 24.6943765281 25.1833740831 23.7163814181
26.3414634146 24.8780487805 25.1219512195 23.6585365854
26.3414634146 24.8780487805 25.1219512195 23.6585365854
26.3414634146 24.8780487805 25.1219512195 23.6585365854
26.3414634146 24.8780487805 25.1219512195 23.6585365854
26.4058679707 24.9388753056 25.1833740831 23.4718826406
26.4705882353 25.0 25.0 23.5294117647
