-0.1508602 51.5335696
-0.1508794 51.533522
-0.1508562 51.5334269
-0.1508478 51.533324
-0.1508231 51.533209
-0.1507776 51.5331001
-0.1507732 51.5330918
-0.1507339 51.5329924
-0.1506889 51.5328585
-0.1506366 51.5327743
-0.150572 51.5326774
-0.1505378 51.5325718
-0.1505143 51.5324712
-0.150473 51.5323948
-0.150431 51.5323047
-0.1504052 51.5322043
-0.1503602 51.5321059
-0.1502927 51.5320236
-0.1502395 51.5319098
-0.1501695 51.5318112
-0.1501207 51.5317256
-0.1500846 51.531626
-0.1500451 51.5315292
-0.1500022 51.5314335
-0.1499431 51.5313025
-0.1499153 51.5311975
-0.1498687 51.5310867
-0.1498563 51.5309759
-0.1497964 51.5308657
-0.1497551 51.530769
-0.1497219 51.5306683
-0.1497015 51.5305581
-0.1496529 51.5304562
-0.1496087 51.530357
-0.1495465 51.530273
-0.1494997 51.5301845
-0.1494561 51.5300986
-0.1494235 51.5299859
-0.1494421 51.5298606
-0.1493942 51.5297651
-0.1493323 51.5296623
-0.1492699 51.5295653
-0.149213 51.5294767
-0.1491789 51.5293837
-0.1491082 51.5292876
-0.1490734 51.5291865
-0.1490163 51.5290827
-0.1489568 51.5289796
-0.1488881 51.5288774
-0.1488462 51.5287764
-0.1488201 51.5286589
-0.1487667 51.5285758
-0.1487004 51.5284846
-0.1486423 51.5283853
-0.1485998 51.5282909
-0.1485338 51.5281943
-0.1484966 51.5280931
-0.1484625 51.527988
-0.1484362 51.5278842
-0.1484126 51.5277856
-0.1483602 51.5276785
-0.1482963 51.5275637
-0.1482382 51.5274561
-0.1481936 51.5273559
-0.148126 51.5272703
-0.1480564 51.5271732
-0.1480611 51.5270549
-0.1480117 51.5269617
-0.1479549 51.5268689
-0.1479126 51.5267665
-0.1478753 51.5266567
-0.1478297 51.5265515
-0.1477859 51.526448
-0.1477379 51.5263367
-0.1476762 51.5262328
-0.1476252 51.5261383
-0.1475929 51.5260451
-0.1475389 51.5259447
-0.1474955 51.5258442
-0.147459 51.5257449
-0.1474086 51.5256449
-0.1473388 51.5255601
