-0.147289 51.5255099
-0.1473202 51.525558
-0.147362 51.5256487
-0.1474053 51.5257491
-0.1474349 51.5258598
-0.1474755 51.5259479
-0.1475217 51.5260545
-0.1475609 51.5261754
-0.1476167 51.526269
-0.1476577 51.5263576
-0.1477013 51.526458
-0.1477553 51.5265516
-0.1478094 51.5266329
-0.1478519 51.5267291
-0.1478872 51.5268397
-0.1479293 51.5269517
-0.1479671 51.5270459
-0.1480009 51.5271567
-0.1480323 51.5272584
-0.1480732 51.5273682
-0.1481087 51.5274666
-0.1481454 51.5275635
-0.1481844 51.5276551
-0.1482368 51.5277485
-0.148285 51.527827
-0.148353 51.5279257
-0.1484141 51.5280298
-0.1484689 51.5281321
-0.1485168 51.5282367
-0.1485547 51.5283633
-0.1485956 51.5284557
-0.1486397 51.5285701
-0.1486867 51.5286741
-0.1487171 51.5287419
-0.1487648 51.5288193
-0.1488228 51.5289273
-0.1488879 51.5290337
-0.1489247 51.5291388
-0.14897 51.5292494
-0.1490058 51.5293489
-0.1490401 51.5294797
-0.1490769 51.5295794
-0.1490851 51.5296552
-0.1491051 51.5297044
-0.1491806 51.5298438
-0.1492225 51.5299199
-0.1492814 51.5300478
-0.1493464 51.5301887
-0.1493926 51.5302958
-0.1494451 51.5304126
-0.149493 51.5305379
-0.1495411 51.5306236
-0.1495668 51.5307084
-0.1496035 51.5308209
-0.1496497 51.5309303
-0.1497015 51.5310144
-0.1497489 51.5311359
-0.1497925 51.5312552
-0.1498397 51.5313581
-0.1498712 51.5314412
-0.1499152 51.531516
-0.1499622 51.531611
-0.1500108 51.5316977
-0.1500529 51.5317972
-0.1501289 51.5320464
-0.1501639 51.5321333
-0.1502103 51.5322648
-0.1502664 51.5323753
-0.1503199 51.5324798
-0.1503621 51.5325802
-0.1504182 51.5326911
-0.1504556 51.5327971
-0.1504968 51.5329062
-0.150548 51.5330069
-0.1505926 51.5330923
-0.1506425 51.5331745
-0.1506841 51.5332683
-0.1507376 51.5333694
-0.1507821 51.5334626
-0.150823 51.5335756
